orbit: 0, acc: 1.0, simple_acc: 1.0
orbit: 1, acc: 1.0, simple_acc: 0.800000011920929
orbit: 69, acc: 1.0, simple_acc: 0.800000011920929
mean acc: 1.0